23.11.2023 / SR

RUN_COMPRESSAI_PARALLEL_QP_ALL/bmshj2018-factorized_1:

0.11153497833461379 0.6850135727044374
0.1626290614026953 0.7221149709196665
0.23641561587786455 0.7507604749940623
0.3444046489979524 0.767076171232147
0.4934928013708412 0.7782644655719265
0.7169705641297957 0.7858118434213851
1.0131616086804296 0.7902376061353806
1.3963507227561376 0.7915559141143935

RUN_COMPRESSAI_PARALLEL_QP_ALL/bmshj2018-hyperprior_1:

0.10494123040942568 0.699869914817848
0.15419153285004247 0.7306135105181808
0.22327684931971417 0.7471592348787585
0.32076861370255755 0.7635261810813598
0.44755387311980677 0.7810764570852017
0.6302556072718946 0.7859178136520137
0.8683192677719729 0.7892663686609901
1.1696267941813216 0.7933101617242039

RUN_COMPRESSAI_PARALLEL_QP_ALL/cheng2020-attn_1:

0.08510093659183798 0.6951760715785397
0.12132348450621745 0.7287198621060185
0.17770913540912442 0.7496872764544952
0.2756243831859326 0.7631846821672061
0.37993900760992383 0.7798559153143803
0.5213992814574577 0.7881256279080769

RUN_COMPRESSAI_PARALLEL_QP_ALL/mbt2018_2:

0.08292278925956928 0.6976923995394217
0.12950417992072707 0.7274052237671689
0.19061877279222444 0.7542599411810725
0.28203952243280644 0.7707710495492655
0.4156945202721021 0.7798447498280371
0.5806511410518621 0.7846899295373925
0.8092077362566337 0.7909642888916765
1.1007842541591597 0.7941615111559903

RUN_VTM_PARALLEL_QP_1:

0.037819517764175886 0.5754852159218542
0.07832667155406733 0.6840105940063063
0.15462319262222335 0.7424873139790871
0.2893195186698471 0.7660573996631826
0.5117983132514055 0.779802211920427
0.8601370412569973 0.7867481045530762
